1 0 0
2 0 0
3 0 0
4 0 0
5 0 0
6 0 0
7 0 0
8 0 0
9 0 0
10 0 0
20 1 0.001
30 0 0
40 0 0
50 0 0
60 0 0
70 1 0.001
80 2 0.002
90 3 0.003
100 5 0.005
110 5 0.005
120 6 0.006
130 8 0.008
140 10 0.01
150 12 0.012
160 15 0.015
170 17 0.017
180 22 0.022
190 23 0.023
200 26 0.026
210 32 0.032
220 36 0.036
230 47 0.047
240 46 0.046
250 56 0.056
260 64 0.064
270 78 0.078
280 91 0.091
290 101 0.101
300 103 0.103
310 166 0.166
320 152 0.152
330 162 0.162
340 146 0.146
350 162 0.162
360 218 0.218
370 227 0.227
380 210 0.21
390 225 0.225
400 267 0.267
410 259 0.259
420 283 0.283
430 310 0.31
440 347 0.347
450 354 0.354
460 428 0.428
470 458 0.458
480 427 0.427
490 473 0.473
500 504 0.504
600 871 0.871
700 1431 1.431
800 2208 2.208
900 3371 3.371
1000 6986 6.986
1100 8091 8.091
1200 12462 12.462
1300 18328 18.328
1400 24987 24.987
